0	4.1998	0
1	4.1837	-0.1235
2	4.183	-0.1238
3	4.1824	-0.1238
4	4.1821	-0.1238
5	4.1818	-0.1242
6	4.1815	-0.1238
7	4.1812	-0.1238
8	4.1809	-0.1235
9	4.1809	-0.1242
10	4.1803	-0.1238
11	4.1803	-0.1238
12	4.1799	-0.1238
13	4.1796	-0.1242
14	4.1796	-0.1238
15	4.1793	-0.1238
16	4.1793	-0.1238
17	4.179	-0.1242
18	4.1787	-0.1238
19	4.1787	-0.1238
119	4.1697	-0.1238
219	4.1648	-0.1238
319	4.1607	-0.1238
419	4.157	-0.1235
519	4.1542	-0.1238
619	4.1514	-0.1242
719	4.1486	-0.1238
819	4.1462	-0.1238
919	4.144	-0.1238
1019	4.1415	-0.1235
1119	4.139	-0.1235
1219	4.1372	-0.1238
1319	4.1347	-0.1242
1419	4.1328	-0.1242
1519	4.131	-0.1238
1619	4.1291	-0.1238
1719	4.1269	-0.1235
1819	4.1251	-0.1242
1919	4.1232	-0.1238
2019	4.1207	-0.1235
2119	4.1192	-0.1238
2219	4.1173	-0.1238
2319	4.1158	-0.1238
2419	4.1139	-0.1238
2519	4.1121	-0.1238
2619	4.1102	-0.1231
2719	4.1083	-0.1235
2819	4.1068	-0.1238
2919	4.1046	-0.1242
3019	4.1028	-0.1235
3119	4.1012	-0.1235
3219	4.0997	-0.1235
3319	4.0975	-0.1238
3419	4.0959	-0.1238
3519	4.0944	-0.1238
3619	4.0928	-0.1235
3719	4.0907	-0.1238
3819	4.0891	-0.1235
3919	4.0873	-0.1238
4019	4.0857	-0.1238
4119	4.0842	-0.1238
4219	4.0823	-0.1242
4319	4.0804	-0.1238
4419	4.0789	-0.1235
4519	4.0773	-0.1235
4619	4.0755	-0.1238
4719	4.0739	-0.1235
4819	4.0724	-0.1238
4919	4.0705	-0.1238
5019	4.0687	-0.1235
5119	4.0671	-0.1235
5219	4.0656	-0.1235
5319	4.064	-0.1238
5419	4.0625	-0.1242
5519	4.0606	-0.1238
5619	4.059	-0.1238
5719	4.0575	-0.1235
5819	4.0559	-0.1238
5919	4.0544	-0.1238
6019	4.0525	-0.1235
6119	4.051	-0.1238
6219	4.0491	-0.1238
6319	4.0479	-0.1238
6419	4.0457	-0.1235
6519	4.0445	-0.1238
6619	4.0429	-0.1235
6719	4.0414	-0.1238
6819	4.0395	-0.1235
6919	4.0376	-0.1238
7019	4.0361	-0.1235
7119	4.0345	-0.1238
7219	4.0333	-0.1238
7319	4.0311	-0.1238
7419	4.0299	-0.1235
7519	4.0283	-0.1235
7619	4.0268	-0.1238
7719	4.0252	-0.1235
7819	4.0234	-0.1238
7919	4.0218	-0.1235
8019	4.0203	-0.1238
8119	4.0187	-0.1235
8219	4.0172	-0.1235
8319	4.0153	-0.1238
8419	4.0141	-0.1238
8519	4.0125	-0.1235
8619	4.011	-0.1238
8719	4.0091	-0.1235
8819	4.0076	-0.1235
8919	4.006	-0.1238
9019	4.0045	-0.1238
9119	4.0032	-0.1238
9219	4.0014	-0.1238
9319	3.9995	-0.1238
9419	3.9983	-0.1235
9519	3.9967	-0.1235
9619	3.9952	-0.1238
9719	3.9936	-0.1238
9819	3.9921	-0.1235
9919	3.9905	-0.1238
10019	3.9893	-0.1242
10119	3.9877	-0.1238
10219	3.9859	-0.1235
10319	3.9843	-0.1235
10419	3.9831	-0.1235
10519	3.9815	-0.1242
10619	3.98	-0.1235
10719	3.9781	-0.1238
10819	3.9769	-0.1238
10919	3.9753	-0.1238
11019	3.9738	-0.1238
11119	3.9725	-0.1238
11219	3.9707	-0.1238
11319	3.9691	-0.1235
11419	3.9679	-0.1242
11519	3.9663	-0.1238
11619	3.9651	-0.1238
11719	3.9632	-0.1238
11819	3.962	-0.1238
11919	3.9605	-0.1235
12019	3.9589	-0.1235
12119	3.9577	-0.1238
12219	3.9558	-0.1238
12319	3.9543	-0.1238
12419	3.9527	-0.1242
12519	3.9515	-0.1235
12619	3.9496	-0.1242
12719	3.9484	-0.1242
12819	3.9468	-0.1238
12919	3.9456	-0.1238
13019	3.944	-0.1238
13119	3.9422	-0.1238
13219	3.9409	-0.1238
13319	3.9397	-0.1242
13419	3.9381	-0.1235
13519	3.9369	-0.1235
13619	3.9353	-0.1235
13719	3.9338	-0.1242
13819	3.9322	-0.1238
13919	3.931	-0.1242
14019	3.9295	-0.1235
14119	3.9282	-0.1238
14219	3.9264	-0.1238
14319	3.9248	-0.1238
14419	3.9236	-0.1238
14519	3.9223	-0.1235
14619	3.9208	-0.1235
14719	3.9192	-0.1235
14819	3.918	-0.1235
14919	3.9164	-0.1242
15019	3.9152	-0.1238
15119	3.9136	-0.1235
15219	3.9121	-0.1242
15319	3.9105	-0.1235
15419	3.909	-0.1238
15519	3.9078	-0.1235
15619	3.9065	-0.1238
15719	3.9046	-0.1242
15819	3.9034	-0.1238
15919	3.9019	-0.1242
16019	3.9006	-0.1238
16119	3.8994	-0.1238
16219	3.8975	-0.1235
16319	3.8963	-0.1238
16419	3.8947	-0.1238
16519	3.8932	-0.1238
16619	3.8919	-0.1238
16719	3.8901	-0.1238
16819	3.8888	-0.1235
16919	3.8876	-0.1235
17019	3.886	-0.1235
17119	3.8848	-0.1235
17219	3.8833	-0.1235
17319	3.8817	-0.1238
17419	3.8802	-0.1238
17519	3.8789	-0.1238
17619	3.8774	-0.1235
17719	3.8761	-0.1235
17819	3.8746	-0.1235
17919	3.873	-0.1242
18019	3.8715	-0.1238
18119	3.8702	-0.1235
18219	3.8693	-0.1242
18319	3.8671	-0.1235
18419	3.8659	-0.1238
18519	3.8647	-0.1235
18619	3.8631	-0.1238
18719	3.8619	-0.1238
18819	3.86	-0.1238
18919	3.8588	-0.1235
19019	3.8572	-0.1238
19119	3.856	-0.1238
19219	3.8547	-0.1238
19319	3.8529	-0.1235
19419	3.8516	-0.1238
19519	3.8504	-0.1238
19619	3.8488	-0.1242
19719	3.8476	-0.1235
19819	3.8461	-0.1238
19919	3.8445	-0.1238
20019	3.8433	-0.1242
20119	3.8417	-0.1238
20219	3.8402	-0.1235
20319	3.8389	-0.1235
20419	3.8374	-0.1238
20519	3.8361	-0.1242
20619	3.8346	-0.1235
20719	3.8333	-0.1235
20819	3.8321	-0.1235
20919	3.8306	-0.1238
21019	3.8293	-0.1238
21119	3.8278	-0.1235
21219	3.8265	-0.1238
21319	3.825	-0.1235
21419	3.8237	-0.1235
21519	3.8222	-0.1238
21619	3.8206	-0.1231
21719	3.8194	-0.1238
21819	3.8182	-0.1238
21919	3.8169	-0.1238
22019	3.8154	-0.1235
22119	3.8138	-0.1238
22219	3.8126	-0.1231
22319	3.8113	-0.1238
22419	3.8101	-0.1238
22519	3.8082	-0.1235
22619	3.8073	-0.1235
22719	3.8058	-0.1238
22819	3.8045	-0.1238
22919	3.8033	-0.1238
23019	3.802	-0.1238
23119	3.8005	-0.1235
23219	3.7989	-0.1231
23319	3.798	-0.1235
23419	3.7965	-0.1235
23519	3.7955	-0.1242
23619	3.7943	-0.1235
23719	3.7927	-0.1238
23819	3.7915	-0.1235
23919	3.7903	-0.1238
24019	3.789	-0.1242
24119	3.7878	-0.1238
24219	3.7862	-0.1235
24319	3.785	-0.1238
24419	3.7837	-0.1235
24519	3.7828	-0.1238
24619	3.7816	-0.1242
24719	3.7803	-0.1231
24819	3.7785	-0.1238
24919	3.7775	-0.1238
25019	3.7763	-0.1238
25119	3.7751	-0.1238
25219	3.7738	-0.1235
25319	3.7726	-0.1238
25419	3.771	-0.1235
25519	3.7698	-0.1238
25619	3.7689	-0.1242
25719	3.7676	-0.1235
25819	3.7664	-0.1238
25919	3.7651	-0.1235
26019	3.7636	-0.1235
26119	3.7627	-0.1242
26219	3.7614	-0.1238
26319	3.7602	-0.1238
26419	3.7589	-0.1242
26519	3.7577	-0.1235
26619	3.7565	-0.1238
26719	3.7549	-0.1238
26819	3.754	-0.1238
26919	3.7527	-0.1242
27019	3.7515	-0.1238
27119	3.7506	-0.1238
27219	3.749	-0.1235
27319	3.7478	-0.1238
27419	3.7465	-0.1242
27519	3.7453	-0.1235
27619	3.7444	-0.1238
27719	3.7431	-0.1238
27819	3.7416	-0.1235
27919	3.7403	-0.1238
28019	3.7391	-0.1238
28119	3.7382	-0.1235
28219	3.7369	-0.1242
28319	3.7357	-0.1238
28419	3.7341	-0.1238
28519	3.7332	-0.1238
28619	3.732	-0.1242
28719	3.7307	-0.1238
28819	3.7295	-0.1242
28919	3.7282	-0.1238
29019	3.7273	-0.1238
29119	3.7258	-0.1238
29219	3.7245	-0.1238
29319	3.723	-0.1238
29419	3.722	-0.1242
29519	3.7205	-0.1238
29619	3.7189	-0.1238
29719	3.7177	-0.1238
29819	3.7165	-0.1235
29919	3.7152	-0.1238
30019	3.714	-0.1242
30119	3.7127	-0.1238
30219	3.7109	-0.1238
30319	3.7096	-0.1238
30419	3.7084	-0.1238
30519	3.7069	-0.1235
30619	3.7056	-0.1235
30719	3.7041	-0.1238
30819	3.7025	-0.1238
30919	3.7013	-0.1242
31019	3.6997	-0.1238
31119	3.6985	-0.1242
31219	3.6966	-0.1235
31319	3.6951	-0.1235
31419	3.6938	-0.1238
31519	3.6926	-0.1238
31619	3.691	-0.1238
31719	3.6895	-0.1238
31819	3.6883	-0.1235
31919	3.687	-0.1238
32019	3.6855	-0.1235
32119	3.6842	-0.1238
32219	3.683	-0.1235
32319	3.6814	-0.1238
32419	3.6799	-0.1235
32519	3.6786	-0.1238
32619	3.6777	-0.1235
32719	3.6765	-0.1242
32819	3.6752	-0.1242
32919	3.6737	-0.1238
33019	3.6728	-0.1242
33119	3.6715	-0.1238
33219	3.6706	-0.1238
33319	3.6697	-0.1235
33419	3.6687	-0.1242
33519	3.6672	-0.1238
33619	3.6666	-0.1238
33719	3.6656	-0.1235
33819	3.6647	-0.1235
33919	3.6638	-0.1235
34019	3.6628	-0.1238
34119	3.6622	-0.1242
34219	3.6616	-0.1238
34319	3.6607	-0.1238
34419	3.6594	-0.1242
34519	3.6588	-0.1242
34619	3.6579	-0.1242
34719	3.6569	-0.1238
34819	3.6563	-0.1238
34919	3.6557	-0.1238
35019	3.6551	-0.1238
35119	3.6545	-0.1238
35219	3.6535	-0.1235
35319	3.6529	-0.1238
35419	3.652	-0.1242
35519	3.6514	-0.1238
35619	3.6507	-0.1235
35719	3.6501	-0.1238
35819	3.6495	-0.1238
35919	3.6489	-0.1238
36019	3.6483	-0.1235
36119	3.6476	-0.1238
36219	3.647	-0.1235
36319	3.6464	-0.1238
36419	3.6458	-0.1238
36519	3.6449	-0.1242
36619	3.6445	-0.1242
36719	3.6439	-0.1235
36819	3.6433	-0.1238
36919	3.6427	-0.1238
37019	3.6421	-0.1238
37119	3.6414	-0.1238
37219	3.6411	-0.1235
37319	3.6405	-0.1231
37419	3.6399	-0.1235
37519	3.6393	-0.1238
37619	3.6387	-0.1238
37719	3.6383	-0.1238
37819	3.6374	-0.1238
37919	3.6371	-0.1238
38019	3.6365	-0.1235
38119	3.6362	-0.1238
38219	3.6356	-0.1235
38319	3.6349	-0.1235
38419	3.6346	-0.1242
38519	3.634	-0.1238
38619	3.6334	-0.1238
38719	3.6331	-0.1235
38819	3.6328	-0.1235
38919	3.6321	-0.1242
39019	3.6315	-0.1242
39119	3.6312	-0.1238
39219	3.6306	-0.1238
39319	3.63	-0.1235
39419	3.6294	-0.1238
39519	3.629	-0.1238
39619	3.6284	-0.1235
39719	3.6281	-0.1238
39819	3.6278	-0.1242
39919	3.6272	-0.1238
40019	3.6266	-0.1235
40119	3.6263	-0.1235
40219	3.6256	-0.1238
40319	3.6253	-0.1238
40419	3.625	-0.1238
40519	3.6247	-0.1238
40619	3.6241	-0.1238
40719	3.6238	-0.1238
40819	3.6232	-0.1238
40919	3.6225	-0.1242
41019	3.6219	-0.1238
41119	3.6216	-0.1242
41219	3.6213	-0.1238
41319	3.6207	-0.1235
41419	3.6204	-0.1238
41519	3.6201	-0.1242
41619	3.6194	-0.1238
41719	3.6191	-0.1238
41819	3.6188	-0.1238
41919	3.6182	-0.1238
42019	3.6179	-0.1238
42119	3.6173	-0.1238
42219	3.617	-0.1235
42319	3.6166	-0.1238
42419	3.6163	-0.1238
42519	3.6157	-0.1242
42619	3.6151	-0.1238
42719	3.6148	-0.1238
42819	3.6142	-0.1242
42919	3.6139	-0.1242
43019	3.6135	-0.1238
43119	3.6129	-0.1238
43219	3.6126	-0.1238
43319	3.6123	-0.1235
43419	3.612	-0.1238
43519	3.6114	-0.1238
43619	3.6111	-0.1242
43719	3.6108	-0.1238
43819	3.6104	-0.1242
43919	3.6098	-0.1238
44019	3.6095	-0.1235
44119	3.6092	-0.1238
44219	3.6089	-0.1238
44319	3.6083	-0.1238
44419	3.6077	-0.1235
44519	3.6073	-0.1238
44619	3.607	-0.1238
44719	3.6064	-0.1238
44819	3.6061	-0.1238
44919	3.6058	-0.1235
45019	3.6052	-0.1235
45119	3.6049	-0.1242
45219	3.6046	-0.1242
45319	3.6042	-0.1238
45419	3.6039	-0.1242
45519	3.6033	-0.1235
45619	3.603	-0.1235
45719	3.6027	-0.1242
45819	3.6024	-0.1242
45919	3.6018	-0.1235
46019	3.6018	-0.1242
46119	3.6011	-0.1238
46219	3.6002	-0.1238
46319	3.5999	-0.1238
46419	3.5999	-0.1242
46519	3.5993	-0.1242
46619	3.599	-0.1238
46719	3.5984	-0.1238
46819	3.598	-0.1238
46919	3.5977	-0.1238
47019	3.5974	-0.1242
47119	3.5971	-0.1235
47219	3.5965	-0.1235
47319	3.5962	-0.1242
47419	3.5956	-0.1242
47519	3.5953	-0.1235
47619	3.5949	-0.1235
47719	3.5946	-0.1242
47819	3.5943	-0.1238
47919	3.5937	-0.1238
48019	3.5934	-0.1238
48119	3.5928	-0.1238
48219	3.5925	-0.1242
48319	3.5918	-0.1235
48419	3.5915	-0.1238
48519	3.5912	-0.1238
48619	3.5909	-0.1242
48719	3.5903	-0.1235
48819	3.59	-0.1238
48919	3.5897	-0.1238
49019	3.589	-0.1238
49119	3.5887	-0.1238
49219	3.5884	-0.1238
49319	3.5881	-0.1238
49419	3.5878	-0.1238
49519	3.5872	-0.1242
49619	3.5869	-0.1235
49719	3.5866	-0.1242
49819	3.5859	-0.1235
49919	3.5853	-0.1238
50019	3.585	-0.1238
50119	3.5847	-0.1235
50219	3.5841	-0.1238
50319	3.5838	-0.1238
50419	3.5832	-0.1238
50519	3.5828	-0.1238
50619	3.5825	-0.1238
50719	3.5822	-0.1242
50819	3.5816	-0.1238
50919	3.5813	-0.1238
51019	3.581	-0.1238
51119	3.5804	-0.1235
51219	3.5801	-0.1235
51319	3.5794	-0.1238
51419	3.5791	-0.1238
51519	3.5788	-0.1238
51619	3.5779	-0.1238
51719	3.5776	-0.1242
51819	3.5773	-0.1238
51919	3.5766	-0.1235
52019	3.5763	-0.1238
52119	3.5757	-0.1235
52219	3.5754	-0.1242
52319	3.5751	-0.1235
52419	3.5745	-0.1238
52519	3.5739	-0.1238
52619	3.5735	-0.1238
52719	3.5732	-0.1242
52819	3.5726	-0.1242
52919	3.572	-0.1238
53019	3.5717	-0.1238
53119	3.5714	-0.1242
53219	3.5704	-0.1238
53319	3.5698	-0.1238
53419	3.5695	-0.1235
53519	3.5689	-0.1238
53619	3.5683	-0.1235
53719	3.568	-0.1242
53819	3.5673	-0.1235
53919	3.5667	-0.1235
54019	3.5664	-0.1238
54119	3.5658	-0.1235
54219	3.5652	-0.1235
54319	3.5646	-0.1238
54419	3.5639	-0.1238
54519	3.563	-0.1235
54619	3.5627	-0.1235
54719	3.5621	-0.1235
54819	3.5611	-0.1242
54919	3.5608	-0.1235
55019	3.5602	-0.1238
55119	3.5596	-0.1238
55219	3.559	-0.1238
55319	3.5584	-0.1238
55419	3.5574	-0.1238
55519	3.5568	-0.1238
55619	3.5562	-0.1238
55719	3.5553	-0.1238
55819	3.5546	-0.1238
55919	3.5537	-0.1242
56019	3.5531	-0.1242
56119	3.5525	-0.1238
56219	3.5515	-0.1238
56319	3.5506	-0.1238
56419	3.55	-0.1238
56519	3.5494	-0.1242
56619	3.5481	-0.1235
56719	3.5472	-0.1238
56819	3.5466	-0.1242
56919	3.5456	-0.1238
57019	3.5447	-0.1238
57119	3.5441	-0.1238
57219	3.5432	-0.1242
57319	3.5422	-0.1238
57419	3.5413	-0.1238
57519	3.5401	-0.1238
57619	3.5391	-0.1238
57719	3.5382	-0.1238
57819	3.5376	-0.1238
57919	3.5363	-0.1242
58019	3.5354	-0.1242
58119	3.5348	-0.1238
58219	3.5339	-0.1238
58319	3.5323	-0.1238
58419	3.5317	-0.1235
58519	3.5305	-0.1235
58619	3.5298	-0.1235
58719	3.5289	-0.1242
58819	3.528	-0.1238
58919	3.527	-0.1238
59019	3.5258	-0.1238
59119	3.5249	-0.1242
59219	3.5239	-0.1242
59319	3.523	-0.1242
59419	3.5218	-0.1238
59519	3.5208	-0.1238
59619	3.5199	-0.1238
59719	3.519	-0.1238
59819	3.5177	-0.1238
59919	3.5168	-0.1235
60019	3.5156	-0.1235
60119	3.5146	-0.1238
60219	3.5134	-0.1238
60319	3.5122	-0.1242
60419	3.5106	-0.1238
60519	3.5097	-0.1238
60619	3.5084	-0.1242
60719	3.5072	-0.1235
60819	3.5057	-0.1238
60919	3.5044	-0.1238
61019	3.5026	-0.1235
61119	3.5013	-0.1238
61219	3.4998	-0.1235
61319	3.4982	-0.1235
61419	3.4967	-0.1238
61519	3.4948	-0.1235
61619	3.4933	-0.1238
61719	3.4917	-0.1242
61819	3.4902	-0.1242
61919	3.4886	-0.1238
62019	3.4871	-0.1235
62119	3.4855	-0.1238
62219	3.484	-0.1238
62319	3.4824	-0.1238
62419	3.4805	-0.1235
62519	3.4787	-0.1242
62619	3.4771	-0.1242
62719	3.4756	-0.1242
62819	3.4734	-0.1238
62919	3.4719	-0.1242
63019	3.4703	-0.1238
63119	3.4685	-0.1242
63219	3.4663	-0.1235
63319	3.4644	-0.1238
63419	3.4629	-0.1235
63519	3.4613	-0.1242
63619	3.4595	-0.1238
63719	3.4579	-0.1238
63819	3.4567	-0.1238
63919	3.4551	-0.1238
64019	3.4542	-0.1238
64119	3.453	-0.1235
64219	3.452	-0.1238
64319	3.4511	-0.1238
64419	3.4502	-0.1238
64519	3.4492	-0.1235
64619	3.4486	-0.1235
64719	3.4477	-0.1238
64819	3.4471	-0.1238
64919	3.4464	-0.1238
65019	3.4458	-0.1238
65119	3.4449	-0.1238
65219	3.4437	-0.1242
65319	3.443	-0.1238
65419	3.4424	-0.1238
65519	3.4418	-0.1238
65619	3.4412	-0.1238
65719	3.4406	-0.1238
65819	3.4396	-0.1238
65919	3.439	-0.1235
66019	3.4381	-0.1238
66119	3.4375	-0.1238
66219	3.4365	-0.1235
66319	3.4359	-0.1238
66419	3.435	-0.1235
66519	3.4343	-0.1242
66619	3.4334	-0.1238
66719	3.4328	-0.1238
66819	3.4319	-0.1235
66919	3.4309	-0.1238
67019	3.4303	-0.1238
67119	3.4291	-0.1238
67219	3.4281	-0.1238
67319	3.4275	-0.1235
67419	3.4263	-0.1238
67519	3.4254	-0.1238
67619	3.4244	-0.1238
67719	3.4235	-0.1235
67819	3.4226	-0.1238
67919	3.421	-0.1235
68019	3.4201	-0.1242
68119	3.4188	-0.1238
68219	3.4176	-0.1238
68319	3.4164	-0.1242
68419	3.4154	-0.1242
68519	3.4136	-0.1238
68619	3.4123	-0.1235
68719	3.4108	-0.1242
68819	3.4092	-0.1238
68919	3.4074	-0.1238
69019	3.4055	-0.1238
69119	3.4033	-0.1242
69219	3.4012	-0.1238
69319	3.3984	-0.1238
69419	3.3956	-0.1242
69519	3.3928	-0.1242
69619	3.3888	-0.1238
69719	3.3844	-0.1238
69819	3.3795	-0.1238
69919	3.3745	-0.1238
70019	3.3686	-0.1238
70119	3.3621	-0.1238
70219	3.355	-0.1231
70319	3.3475	-0.1238
70419	3.3398	-0.1242
70519	3.3311	-0.1242
70619	3.3224	-0.1235
70719	3.3128	-0.1235
70819	3.3032	-0.1242
70919	3.293	-0.1242
71019	3.2821	-0.1235
71119	3.2713	-0.1242
71219	3.2595	-0.1238
71319	3.2474	-0.1238
71419	3.2341	-0.1238
71519	3.2204	-0.1235
71619	3.2059	-0.1235
71719	3.1904	-0.1242
71819	3.1742	-0.1238
71919	3.1563	-0.1238
72019	3.1374	-0.1238
72119	3.1169	-0.1242
72219	3.0946	-0.1238
72319	3.0701	-0.1235
72419	3.0425	-0.1238
72519	3.0115	-0.1231
72619	2.9758	-0.1238
72719	2.9327	-0.1235
72720	2.9324	-0.1235
72721	2.9318	-0.1238
72722	2.9315	-0.1242
72723	2.9312	-0.1235
72724	2.9306	-0.1235
72725	2.9299	-0.1231
72726	2.9296	-0.1242
72727	2.9287	-0.1235
72728	2.9284	-0.1238
72729	2.9278	-0.1238
72730	2.9272	-0.1235
72731	2.9268	-0.1235
72732	2.9262	-0.1242
72733	2.9259	-0.1238
72734	2.9253	-0.1235
72735	2.925	-0.1238
72736	2.9244	-0.1238
72737	2.9237	-0.1238
72738	2.9234	-0.1235
72739	2.9228	-0.1235
72740	2.9222	-0.1242
72741	2.9216	-0.1238
72742	2.921	-0.1235
72743	2.9203	-0.1238
72744	2.9197	-0.1238
72745	2.9194	-0.1235
72746	2.9188	-0.1235
72747	2.9182	-0.1242
72748	2.9175	-0.1238
72749	2.9172	-0.1235
72750	2.9166	-0.1242
72751	2.916	-0.1238
72752	2.9157	-0.1235
72753	2.9151	-0.1235
72754	2.9141	-0.1238
72755	2.9138	-0.1235
72756	2.9132	-0.1235
72757	2.9126	-0.1242
72758	2.912	-0.1238
72759	2.9113	-0.1235
72760	2.911	-0.1238
72761	2.9104	-0.1238
72762	2.9098	-0.1238
72763	2.9092	-0.1235
72764	2.9086	-0.1242
72765	2.9079	-0.1238
72766	2.9073	-0.1238
72767	2.9064	-0.1235
72768	2.9058	-0.1242
72769	2.9051	-0.1238
72770	2.9045	-0.1235
72771	2.9039	-0.1242
72772	2.9036	-0.1238
72773	2.903	-0.1235
72774	2.9024	-0.1235
72775	2.9017	-0.1242
72776	2.9011	-0.1238
72777	2.9005	-0.1238
72778	2.8993	-0.1238
72779	2.8986	-0.1238
72780	2.898	-0.1235
72781	2.8974	-0.1242
72782	2.8968	-0.1238
72783	2.8962	-0.1238
72784	2.8955	-0.1235
72785	2.8949	-0.1246
72786	2.894	-0.1238
72787	2.8934	-0.1235
72788	2.8927	-0.1238
72789	2.8915	-0.1235
72790	2.8909	-0.1242
72791	2.8903	-0.1238
72792	2.8896	-0.1238
72793	2.889	-0.1235
72794	2.8881	-0.1242
72795	2.8875	-0.1238
72796	2.8865	-0.1231
72797	2.8859	-0.1242
72798	2.8847	-0.1238
72799	2.8841	-0.1235
72800	2.8834	-0.1235
72801	2.8825	-0.1242
72802	2.8816	-0.1238
72803	2.8807	-0.1235
72804	2.88	-0.1235
72805	2.8791	-0.1238
72806	2.8782	-0.1235
72807	2.8769	-0.1238
72808	2.8763	-0.1238
72809	2.8754	-0.1235
72810	2.8745	-0.1238
72811	2.8738	-0.1238
72812	2.8729	-0.1238
72813	2.872	-0.1238
72814	2.871	-0.1238
72815	2.8698	-0.1235
72816	2.8689	-0.1238
72817	2.8679	-0.1238
72818	2.867	-0.1238
72819	2.8658	-0.1235
72820	2.8648	-0.1235
72821	2.8639	-0.1238
72822	2.863	-0.1238
72823	2.8614	-0.1238
72824	2.8602	-0.1238
72825	2.8593	-0.1235
72826	2.858	-0.1242
72827	2.8571	-0.1238
72828	2.8559	-0.1235
72829	2.8543	-0.1235
72830	2.8534	-0.1242
72831	2.8521	-0.1238
72832	2.8509	-0.1235
72833	2.8497	-0.1238
72834	2.8484	-0.1235
72835	2.8469	-0.1238
72836	2.8453	-0.1238
72837	2.8444	-0.1238
72838	2.8428	-0.1235
72839	2.8416	-0.1242
72840	2.8397	-0.1238
72841	2.8385	-0.1242
72842	2.8369	-0.1235
72843	2.8354	-0.1238
72844	2.8338	-0.1235
72845	2.832	-0.1238
72846	2.8304	-0.1242
72847	2.8289	-0.1238
72848	2.827	-0.1238
72849	2.8252	-0.1235
72850	2.8236	-0.1238
72851	2.8218	-0.1238
72852	2.8202	-0.1238
72853	2.818	-0.1238
72854	2.8162	-0.1235
72855	2.8143	-0.1242
72856	2.8125	-0.1238
72857	2.8103	-0.1235
72858	2.8084	-0.1242
72859	2.8062	-0.1235
72860	2.8044	-0.1235
72861	2.8022	-0.1238
72862	2.8	-0.1238
72863	2.7982	-0.1235
72864	2.7963	-0.1235
72865	2.7935	-0.1238
72866	2.7917	-0.1238
72867	2.7895	-0.1235
72868	2.7873	-0.1238
72869	2.7852	-0.1238
72870	2.7827	-0.1238
72871	2.7802	-0.1242
72872	2.778	-0.1238
72873	2.7762	-0.1235
72874	2.7734	-0.1235
72875	2.7712	-0.1238
72876	2.769	-0.1238
72877	2.7669	-0.1242
72878	2.7641	-0.1238
72879	2.7622	-0.1235
72880	2.7601	-0.1242
72881	2.7573	-0.1238
72882	2.7551	-0.1238
72883	2.7529	-0.1235
72884	2.7504	-0.1242
72884.2	2.7498	-0.1242
